**************************************************
Avila
**************************************************
 overall_accuracy =

    0.1076
    0.1040
    0.1177
    0.1110
    0.1035

**********************

producers_accuracy{1}

    0.6593
         0
    0.0021
    0.0424
    0.2612
    0.0152
    0.0196
         0
    0.6709
         0
    0.1923
         0

producers_accuracy{2}

    0.7083
         0
    0.0121
    0.0389
    0.2388
    0.0429
    0.0275
    0.0163
    0.6078
         0
    0.1667
    0.0417

producers_accuracy{3}
    0.9402
         0
    0.0033
    0.0571
    0.2315
    0.0492
    0.0526
         0
    0.6667
         0
    0.2667
    0.1569

producers_accuracy{4}
    0.8255
         0
    0.0042
    0.0468
    0.2195
    0.0401
    0.0197
         0
    0.6933
         0
    0.2759
    0.1818

producers_accuracy{5}

    0.8725
         0
    0.0072
    0.0506
    0.2301
    0.0410
    0.0274
    0.0083
    0.6769
         0
    0.2545
    0.2414

**********************
users_accuracy{1}
    0.0519
    0
    0.0488
    0.3830
    0.4247
    0.0051
    0.0169
         0
    0.3193
         0
    0.0239
         0

users_accuracy{2}
    0.0595
         0
    0.2927
    0.3050
    0.3539
    0.0166
    0.0281
    0.0096
    0.2801
         0
    0.0383
    0.0094

users_accuracy{3}
    0.0641
         0
    0.0732
    0.4397
    0.4224
    0.0166
    0.0337
         0
    0.2651
         0
    0.0766
    0.0755

users_accuracy{4}
    0.0717
         0
    0.0976
    0.3404
    0.3333
    0.0166
    0.0169
         0
    0.3133
         0
    0.0766
    0.0566

users_accuracy{5}
    0.0519
         0
    0.1707
    0.3688
    0.3425
    0.0166
    0.0225
    0.0048
    0.2651
         0
    0.0670
    0.1321

**********************
k_hat =

    0.0481
    0.0442
    0.0607
    0.0504
    0.0484

Elapsed time is 1603.117382 seconds.

**************************************************
Isolet Grid Search
**************************************************
The Mean Error for every Model respectively: 
   54.6965   54.1664   54.3628   54.7276   54.9521
   46.0294   42.7510   41.6201   40.6237   40.9394
   46.9267   39.8126   38.9600   37.9859   36.7977
   49.8663   40.8838   40.3626   38.8072   38.2950

The Model with the minimum Error is Model 15
Number of Features : 16
Number of Rules : 20
Elapsed time is 3656.651384 seconds.

**************************************************
Isolet Optimum Model
**************************************************


overall_accuracy =

    0.1584


producers_accuracy =

       NaN
    0.5000
    0.0526
    0.2273
    0.1057
         0
         0
    0.1111
    0.0435
         0
    0.4015
    0.0556
    0.3000
         0
    0.1563
    0.0233
    0.2148
    0.0784
         0
    0.2000
    0.3673
    0.0556
    0.1111
         0
    0.8824
         0


users_accuracy =

         0
    0.0167
    0.0167
    0.1667
    0.2167
         0
         0
    0.0500
    0.0167
         0
    0.8833
    0.1000
    0.5000
         0
    0.3333
    0.0333
    0.5333
    0.0667
         0
    0.0500
    0.6000
    0.0167
    0.0167
         0
    0.5000
         0


k_hat =

    0.1248

Elapsed time is 229.365674 seconds.